2.404705094759824351e+04
2.442912368561989933e+04
2.494595896141005142e+04
2.496083090749648545e+04
2.488879883408367459e+04
2.486215348142367657e+04
2.500885510410949064e+04
2.548248797965760605e+04
2.545914957660018263e+04
2.491500720837469999e+04
2.491792873910841081e+04
2.491969674311693234e+04
2.465248699201451745e+04
2.482525367043058577e+04
2.479308109466003953e+04
2.507856785669538294e+04
2.557002751611373606e+04
2.544079073091314058e+04
2.549057843757023511e+04
2.647745755045451733e+04
2.634907985050298885e+04
2.621017855295614936e+04
2.645094736334309709e+04
2.601332451634035169e+04
2.639113952703701943e+04
2.640940217804634085e+04
2.645301984689826349e+04
2.608578231893260818e+04
2.582834210464040007e+04
2.526561438365232243e+04
2.536806281015779678e+04
2.553260398875173269e+04
2.555357650690367154e+04
2.580198610202018972e+04
2.701399455629790100e+04
2.687787908086218886e+04
2.688316475408762562e+04
2.713224692684305774e+04
2.800210405992172309e+04
2.823108628754125311e+04
2.834489945652539973e+04
3.089098167073272270e+04
3.194643377062849322e+04
3.263063042580420006e+04
3.235124456256462872e+04
3.207023698604533274e+04
3.225333349401191663e+04
3.271415317903520918e+04
3.250322988735439867e+04
3.277803810372536827e+04
3.349910421985494759e+04
3.289755220887586620e+04
3.235054517612510608e+04
3.264583947781864481e+04
3.267259855265307851e+04
3.267688736305972270e+04
3.312781176647490793e+04
3.342365653892565024e+04
3.447076220213944180e+04
3.490932927737534919e+04
3.470224705071610515e+04
3.467634864671254036e+04
3.415701939223730005e+04
3.266721310899159289e+04
3.492814914188247349e+04
3.334977788129716646e+04
3.345906308877937408e+04
3.350908366911675694e+04
3.429647350720163377e+04
3.425397201277186832e+04
3.294085338114932529e+04
3.440590425296001922e+04
3.419707584926325944e+04
3.447640105222483544e+04
3.454119108596565638e+04
3.427151423685914779e+04
3.398891675102390582e+04
3.436068267211342754e+04
3.445603934454426053e+04
3.461190690535762405e+04
3.551798806745339243e+04
3.626588468647455738e+04
3.669348294451654510e+04
3.873420718002536887e+04
4.086768630739520449e+04
4.067616754607222538e+04
4.009651591072032170e+04
4.102845986477866973e+04
4.060456566687735176e+04
4.064847554649209633e+04
3.827536476484665764e+04
3.838660901498494059e+04
3.944505878933121858e+04
3.912139899833124946e+04
3.849475127765529760e+04
3.872856308026087936e+04
3.801401433241051564e+04
3.907847891755909222e+04
3.847747402170457644e+04
3.986487762044923147e+04
3.983867987764018471e+04
3.990858005878161930e+04
3.967897932159569609e+04
3.906232681431534729e+04
3.959785927945270669e+04
3.850206842500795756e+04
3.908665066359461343e+04
3.849164747698570864e+04
3.805770863986569020e+04
3.818968296890572674e+04
3.824020908960317320e+04
4.002256708386280661e+04
4.112144236936086236e+04
3.919397344095043081e+04
4.037601988044885366e+04
4.026919080208219384e+04
4.012534479669739812e+04
4.011834311925359361e+04
4.285743103594770946e+04
4.217841106160806521e+04
4.249238965139214270e+04
4.217181432453952584e+04
3.912252373887038993e+04
3.908106524302686012e+04
3.819021004570820514e+04
3.890889747537756193e+04
3.966876253090918908e+04
3.924229028152058163e+04
3.793877972050554672e+04
3.815014288219012087e+04
3.817322152525915590e+04
3.814144573510521877e+04
3.631341944934261119e+04
3.668935973905384890e+04
3.687120615880075638e+04
3.681115855147119146e+04
3.853512527041945577e+04
3.877139629759248783e+04
3.875918018541519268e+04
3.993007569963493006e+04
3.955550605607913167e+04
3.939045561243459815e+04
3.960198542555142194e+04
3.997818836096942687e+04
3.979871036813004321e+04
3.951785006836940011e+04
3.970174708708335675e+04
4.005371777001112787e+04
4.106629173159883067e+04
4.207604656287060061e+04
4.371357206347067404e+04
4.429380084671967779e+04
4.463423955482217571e+04
4.646369349243574834e+04
4.644236395335755515e+04
4.826030672871490970e+04
4.821973170515296079e+04
4.840575606037121906e+04
4.795858062660045107e+04
4.834885208766836149e+04
4.804359788234123698e+04
4.836789853581699572e+04
4.791629005429375684e+04
4.741049380112790823e+04
4.693394401263770851e+04
4.759124123045009037e+04
4.783338664994703868e+04
5.020813598783667112e+04
5.257378267455187597e+04
5.771773638857900369e+04
5.673456461579262395e+04
5.756048389994141326e+04
5.722967658489639871e+04
5.815709485482636956e+04
6.281967503283101541e+04
5.921616978710528929e+04
6.068802104108094500e+04
6.113091471064688085e+04
6.242538416118096939e+04
6.260151789297492360e+04
